-- MADE BY KAEDEN
local runDummyScript = function(f,scri)
local oldenv = getfenv(f)
local newenv = setmetatable({}, {
__index = function(_, k)
if k:lower() == 'script' then
return scri
else
return oldenv[k]
end
end
})
setfenv(f, newenv)
ypcall(function() f() end)
end
cors = {}
mas = Instance.new("Model",game:GetService("Lighting")) 
mas.Name = "CompiledModel"
o1 = Instance.new("Model")
o2 = Instance.new("Model")
o3 = Instance.new("Part")
o4 = Instance.new("SpecialMesh")
o5 = Instance.new("Part")
o6 = Instance.new("SpecialMesh")
o7 = Instance.new("Part")
o8 = Instance.new("SpecialMesh")
o9 = Instance.new("Part")
o10 = Instance.new("SpecialMesh")
o11 = Instance.new("Part")
o12 = Instance.new("SpecialMesh")
o13 = Instance.new("Part")
o14 = Instance.new("SpecialMesh")
o15 = Instance.new("Model")
o16 = Instance.new("Part")
o17 = Instance.new("SpecialMesh")
o18 = Instance.new("Dialog")
o19 = Instance.new("DialogChoice")
o20 = Instance.new("Decal")
o21 = Instance.new("Weld")
o22 = Instance.new("Part")
o23 = Instance.new("Part")
o24 = Instance.new("Part")
o25 = Instance.new("Part")
o26 = Instance.new("Part")
o27 = Instance.new("Humanoid")
o28 = Instance.new("Pants")
o29 = Instance.new("Hat")
o30 = Instance.new("Part")
o31 = Instance.new("SpecialMesh")
o32 = Instance.new("BodyColors")
o33 = Instance.new("CharacterMesh")
o34 = Instance.new("CharacterMesh")
o35 = Instance.new("CharacterMesh")
o36 = Instance.new("CharacterMesh")
o37 = Instance.new("CharacterMesh")
o38 = Instance.new("Model")
o39 = Instance.new("Part")
o40 = Instance.new("SpecialMesh")
o41 = Instance.new("Part")
o42 = Instance.new("Part")
o43 = Instance.new("Part")
o44 = Instance.new("Part")
o45 = Instance.new("Part")
o46 = Instance.new("Part")
o47 = Instance.new("Part")
o48 = Instance.new("Script")
o49 = Instance.new("Part")
o50 = Instance.new("Part")
o51 = Instance.new("Part")
o52 = Instance.new("Part")
o53 = Instance.new("Part")
o54 = Instance.new("Part")
o55 = Instance.new("Part")
o56 = Instance.new("Part")
o57 = Instance.new("Part")
o58 = Instance.new("Part")
o59 = Instance.new("Part")
o60 = Instance.new("Part")
o61 = Instance.new("Part")
o62 = Instance.new("Part")
o63 = Instance.new("Part")
o64 = Instance.new("Part")
o65 = Instance.new("Part")
o66 = Instance.new("Part")
o67 = Instance.new("Part")
o68 = Instance.new("Part")
o69 = Instance.new("Part")
o70 = Instance.new("Part")
o71 = Instance.new("Part")
o72 = Instance.new("Part")
o73 = Instance.new("Part")
o74 = Instance.new("Part")
o75 = Instance.new("Part")
o76 = Instance.new("Part")
o77 = Instance.new("Part")
o78 = Instance.new("Part")
o79 = Instance.new("Part")
o80 = Instance.new("Part")
o81 = Instance.new("Part")
o82 = Instance.new("Script")
o83 = Instance.new("Part")
o84 = Instance.new("Part")
o85 = Instance.new("Part")
o86 = Instance.new("Part")
o87 = Instance.new("Part")
o88 = Instance.new("Script")
o89 = Instance.new("Part")
o90 = Instance.new("Part")
o91 = Instance.new("Part")
o92 = Instance.new("Part")
o93 = Instance.new("Part")
o94 = Instance.new("Part")
o95 = Instance.new("Part")
o96 = Instance.new("Part")
o97 = Instance.new("Part")
o98 = Instance.new("Part")
o99 = Instance.new("Part")
o100 = Instance.new("Part")
o101 = Instance.new("Part")
o102 = Instance.new("Part")
o103 = Instance.new("Part")
o104 = Instance.new("Part")
o105 = Instance.new("Part")
o106 = Instance.new("Part")
o107 = Instance.new("Part")
o108 = Instance.new("Part")
o109 = Instance.new("Part")
o110 = Instance.new("Part")
o111 = Instance.new("Part")
o112 = Instance.new("Part")
o113 = Instance.new("Script")
o114 = Instance.new("Part")
o115 = Instance.new("Part")
o116 = Instance.new("Part")
o117 = Instance.new("Part")
o118 = Instance.new("Part")
o119 = Instance.new("Part")
o120 = Instance.new("Part")
o121 = Instance.new("Part")
o122 = Instance.new("Part")
o123 = Instance.new("Part")
o124 = Instance.new("Part")
o125 = Instance.new("Part")
o126 = Instance.new("Part")
o127 = Instance.new("Part")
o128 = Instance.new("Part")
o129 = Instance.new("Part")
o130 = Instance.new("SpecialMesh")
o131 = Instance.new("PointLight")
o132 = Instance.new("Part")
o133 = Instance.new("SpecialMesh")
o134 = Instance.new("PointLight")
o135 = Instance.new("Part")
o136 = Instance.new("SpecialMesh")
o137 = Instance.new("PointLight")
o138 = Instance.new("Part")
o139 = Instance.new("SpecialMesh")
o140 = Instance.new("PointLight")
o141 = Instance.new("Part")
o142 = Instance.new("SpecialMesh")
o143 = Instance.new("PointLight")
o1.Name = "Stipper"
o1.Parent = mas
o2.Name = "Money"
o2.Parent = o1
o3.Name = "Robux"
o3.Parent = o2
o3.BrickColor = BrickColor.new("Dark green")
o3.Position = Vector3.new(54.3868256, 25.4767437, 190.838181)
o3.Rotation = Vector3.new(0, -60, -90)
o3.Anchored = true
o3.FormFactor = Enum.FormFactor.Plate
o3.Size = Vector3.new(8.91665649, 21.3999767, 8.91665649)
o3.CFrame = CFrame.new(54.3868256, 25.4767437, 190.838181, 0, 0.500000238, -0.866025388, -1, 0, 0, 0, 0.866025388, 0.500000238)
o3.BottomSurface = Enum.SurfaceType.Smooth
o3.TopSurface = Enum.SurfaceType.Smooth
o3.Color = Color3.new(0.156863, 0.498039, 0.278431)
o3.Position = Vector3.new(54.3868256, 25.4767437, 190.838181)
o4.Parent = o3
o4.MeshId = "http://www.roblox.com/asset/?id=1285245"
o4.Scale = Vector3.new(8.91665649, 17.833313, 8.91665649)
o4.TextureId = "http://www.roblox.com/asset/?id=8587344"
o4.MeshType = Enum.MeshType.FileMesh
o5.Name = "Robux"
o5.Parent = o2
o5.BrickColor = BrickColor.new("Dark green")
o5.Position = Vector3.new(51.7863617, 26.4767418, 176.138107)
o5.Anchored = true
o5.FormFactor = Enum.FormFactor.Plate
o5.Size = Vector3.new(8.91665649, 21.3999767, 8.91665649)
o5.CFrame = CFrame.new(51.7863617, 26.4767418, 176.138107, 0.999995053, -4.44444195e-19, 2.84095495e-06, 4.44442023e-19, 0.999990106, -1.48654748e-18, 2.84095495e-06, 1.48655171e-18, 0.999995053)
o5.BottomSurface = Enum.SurfaceType.Smooth
o5.TopSurface = Enum.SurfaceType.Smooth
o5.Color = Color3.new(0.156863, 0.498039, 0.278431)
o5.Position = Vector3.new(51.7863617, 26.4767418, 176.138107)
o6.Parent = o5
o6.MeshId = "http://www.roblox.com/asset/?id=1285245"
o6.Scale = Vector3.new(8.91665649, 17.833313, 8.91665649)
o6.TextureId = "http://www.roblox.com/asset/?id=8587344"
o6.MeshType = Enum.MeshType.FileMesh
o7.Name = "Robux"
o7.Parent = o2
o7.BrickColor = BrickColor.new("Dark green")
o7.Position = Vector3.new(68.7863007, 26.4767418, 171.838181)
o7.Rotation = Vector3.new(180, -89.8199997, 0)
o7.Anchored = true
o7.FormFactor = Enum.FormFactor.Plate
o7.Size = Vector3.new(8.91665649, 21.3999767, 8.91665649)
o7.CFrame = CFrame.new(68.7863007, 26.4767418, 171.838181, 2.84095495e-06, -4.44444195e-19, -0.999995053, -1.48654748e-18, 0.999990106, -4.44442023e-19, 0.999995053, 1.48655171e-18, -2.84095495e-06)
o7.BottomSurface = Enum.SurfaceType.Smooth
o7.TopSurface = Enum.SurfaceType.Smooth
o7.Color = Color3.new(0.156863, 0.498039, 0.278431)
o7.Position = Vector3.new(68.7863007, 26.4767418, 171.838181)
o8.Parent = o7
o8.MeshId = "http://www.roblox.com/asset/?id=1285245"
o8.Scale = Vector3.new(8.91665649, 17.833313, 8.91665649)
o8.TextureId = "http://www.roblox.com/asset/?id=8587344"
o8.MeshType = Enum.MeshType.FileMesh
o9.Name = "Robux"
o9.Parent = o2
o9.BrickColor = BrickColor.new("Dark green")
o9.Position = Vector3.new(63.0863228, 29.4767551, 186.438156)
o9.Rotation = Vector3.new(180, -89.8199997, 0)
o9.Anchored = true
o9.FormFactor = Enum.FormFactor.Plate
o9.Size = Vector3.new(8.91665649, 21.3999767, 8.91665649)
o9.CFrame = CFrame.new(63.0863228, 29.4767551, 186.438156, 2.84095495e-06, -4.44444195e-19, -0.999995053, -1.48654748e-18, 0.999990106, -4.44442023e-19, 0.999995053, 1.48655171e-18, -2.84095495e-06)
o9.BottomSurface = Enum.SurfaceType.Smooth
o9.TopSurface = Enum.SurfaceType.Smooth
o9.Color = Color3.new(0.156863, 0.498039, 0.278431)
o9.Position = Vector3.new(63.0863228, 29.4767551, 186.438156)
o10.Parent = o9
o10.MeshId = "http://www.roblox.com/asset/?id=1285245"
o10.Scale = Vector3.new(8.91665649, 17.833313, 8.91665649)
o10.TextureId = "http://www.roblox.com/asset/?id=8587344"
o10.MeshType = Enum.MeshType.FileMesh
o11.Name = "Robux"
o11.Parent = o2
o11.BrickColor = BrickColor.new("Dark green")
o11.Position = Vector3.new(63.3867989, 34.4767456, 178.138168)
o11.Anchored = true
o11.FormFactor = Enum.FormFactor.Plate
o11.Size = Vector3.new(8.91665649, 21.3999767, 8.91665649)
o11.CFrame = CFrame.new(63.3867989, 34.4767456, 178.138168, 0.999995053, -4.44444195e-19, 2.84095495e-06, 4.44442023e-19, 0.999990106, -1.48654748e-18, 2.84095495e-06, 1.48655171e-18, 0.999995053)
o11.BottomSurface = Enum.SurfaceType.Smooth
o11.TopSurface = Enum.SurfaceType.Smooth
o11.Color = Color3.new(0.156863, 0.498039, 0.278431)
o11.Position = Vector3.new(63.3867989, 34.4767456, 178.138168)
o12.Parent = o11
o12.MeshId = "http://www.roblox.com/asset/?id=1285245"
o12.Scale = Vector3.new(8.91665649, 17.833313, 8.91665649)
o12.TextureId = "http://www.roblox.com/asset/?id=8587344"
o12.MeshType = Enum.MeshType.FileMesh
o13.Name = "Robux"
o13.Parent = o2
o13.BrickColor = BrickColor.new("Dark green")
o13.Position = Vector3.new(53.0862885, 32.4767456, 165.83812)
o13.Rotation = Vector3.new(180, -89.8199997, 0)
o13.Anchored = true
o13.FormFactor = Enum.FormFactor.Plate
o13.Size = Vector3.new(8.91665649, 21.3999767, 8.91665649)
o13.CFrame = CFrame.new(53.0862885, 32.4767456, 165.83812, 2.84095495e-06, -4.44444195e-19, -0.999995053, -1.48654748e-18, 0.999990106, -4.44442023e-19, 0.999995053, 1.48655171e-18, -2.84095495e-06)
o13.BottomSurface = Enum.SurfaceType.Smooth
o13.TopSurface = Enum.SurfaceType.Smooth
o13.Color = Color3.new(0.156863, 0.498039, 0.278431)
o13.Position = Vector3.new(53.0862885, 32.4767456, 165.83812)
o14.Parent = o13
o14.MeshId = "http://www.roblox.com/asset/?id=1285245"
o14.Scale = Vector3.new(8.91665649, 17.833313, 8.91665649)
o14.TextureId = "http://www.roblox.com/asset/?id=8587344"
o14.MeshType = Enum.MeshType.FileMesh
o15.Name = " "
o15.Parent = o1
o15.PrimaryPart = o16
o16.Name = "Head"
o16.Parent = o15
o16.BrickColor = BrickColor.new("Light orange")
o16.Position = Vector3.new(104.575768, 130.164108, 167.725647)
o16.Rotation = Vector3.new(73.2600021, 58.5299988, -70.5699997)
o16.Anchored = true
o16.FormFactor = Enum.FormFactor.Symmetric
o16.Size = Vector3.new(49.7478714, 24.8739357, 24.8739357)
o16.CFrame = CFrame.new(104.575768, 130.164108, 167.725647, 0.173647985, 0.492403209, 0.852868974, 0, 0.866025805, -0.499999285, -0.984807849, 0.0868238807, 0.150383621)
o16.TopSurface = Enum.SurfaceType.Smooth
o16.Color = Color3.new(0.917647, 0.721569, 0.572549)
o16.Position = Vector3.new(104.575768, 130.164108, 167.725647)
o17.Parent = o16
o17.Scale = Vector3.new(1.25, 1.25, 1.25)
o18.Parent = o16
o18.InitialPrompt = "Initial Prompt"
o19.Name = "Choice"
o19.Parent = o18
o19.ResponseDialog = "Response Dialog"
o19.UserDialog = "User Dialog"
o20.Name = "face"
o20.Parent = o16
o20.Texture = "http://www.roblox.com/asset/?id=25555431"
o21.Name = "HeadWeld"
o21.Parent = o16
o21.C0 = CFrame.new(0, 0.5, 0, 1, 0, 0, 0, 1, 0, 0, 0, 1)
o21.C1 = CFrame.new(0, 0.900000036, 0, 1, 0, 0, 0, 0.995037198, 0.0995037183, 0, -0.0995037183, 0.995037198)
o21.Part0 = o16
o21.Part1 = o30
o22.Name = "Torso"
o22.Parent = o15
o22.BrickColor = BrickColor.new("Light orange")
o22.Position = Vector3.new(105.289734, 101.90625, 167.677841)
o22.Rotation = Vector3.new(-180, 60, -180)
o22.Anchored = true
o22.FormFactor = Enum.FormFactor.Symmetric
o22.Size = Vector3.new(49.7478714, 49.7478714, 24.8739357)
o22.CFrame = CFrame.new(105.289734, 101.90625, 167.677841, -0.500000238, 0, 0.866025388, 0, 1, 0, -0.866025388, 0, -0.500000238)
o22.LeftSurface = Enum.SurfaceType.Weld
o22.RightSurface = Enum.SurfaceType.Weld
o22.Color = Color3.new(0.917647, 0.721569, 0.572549)
o22.Position = Vector3.new(105.289734, 101.90625, 167.677841)
o23.Name = "Left Arm"
o23.Parent = o15
o23.BrickColor = BrickColor.new("Light orange")
o23.Position = Vector3.new(94.1699066, 117.834671, 192.294174)
o23.Rotation = Vector3.new(100.150002, -9.84999943, -58.25)
o23.Anchored = true
o23.CanCollide = false
o23.FormFactor = Enum.FormFactor.Symmetric
o23.Size = Vector3.new(26.5651875, 53.1303749, 26.5651875)
o23.CFrame = CFrame.new(94.1699066, 117.834671, 192.294174, 0.518518925, 0.837790906, -0.171010375, 0.0612739921, -0.235888839, -0.969846368, -0.852867901, 0.492405236, -0.173647597)
o23.Color = Color3.new(0.917647, 0.721569, 0.572549)
o23.Position = Vector3.new(94.1699066, 117.834671, 192.294174)
o24.Name = "Right Arm"
o24.Parent = o15
o24.BrickColor = BrickColor.new("Light orange")
o24.Position = Vector3.new(79.7007904, 122.027481, 154.482101)
o24.Rotation = Vector3.new(60, -10, -150)
o24.Anchored = true
o24.CanCollide = false
o24.FormFactor = Enum.FormFactor.Symmetric
o24.Size = Vector3.new(24.8739357, 49.7478714, 24.8739357)
o24.CFrame = CFrame.new(79.7007904, 122.027481, 154.482101, -0.852868855, 0.492403537, -0.173647359, -0.119763985, -0.508203924, -0.852868974, -0.508203924, -0.706588686, 0.492403537)
o24.Color = Color3.new(0.917647, 0.721569, 0.572549)
o24.Position = Vector3.new(79.7007904, 122.027481, 154.482101)
o25.Name = "Left Leg"
o25.Parent = o15
o25.BrickColor = BrickColor.new("Light orange")
o25.Position = Vector3.new(105.289734, 52.1583061, 180.114792)
o25.Rotation = Vector3.new(0, 90, 0)
o25.Anchored = true
o25.CanCollide = false
o25.FormFactor = Enum.FormFactor.Symmetric
o25.Size = Vector3.new(24.8739357, 49.7478714, 24.8739357)
o25.CFrame = CFrame.new(105.289734, 52.1583061, 180.114792, 0, 0, 1, 0, 1, -0, -1, 0, 0)
o25.BottomSurface = Enum.SurfaceType.Smooth
o25.Color = Color3.new(0.917647, 0.721569, 0.572549)
o25.Position = Vector3.new(105.289734, 52.1583061, 180.114792)
o26.Name = "Right Leg"
o26.Parent = o15
o26.BrickColor = BrickColor.new("Light orange")
o26.Position = Vector3.new(93.5134735, 53.1687965, 154.719955)
o26.Rotation = Vector3.new(62.7299995, 67.7299957, -64.4899979)
o26.Anchored = true
o26.CanCollide = false
o26.FormFactor = Enum.FormFactor.Symmetric
o26.Size = Vector3.new(24.8739357, 49.7478714, 24.8739357)
o26.CFrame = CFrame.new(93.5134735, 53.1687965, 154.719955, 0.163175955, 0.342019886, 0.925416648, -0.0593909845, 0.939692736, -0.336823851, -0.98480773, 1.5041644e-07, 0.173648149)
o26.BottomSurface = Enum.SurfaceType.Smooth
o26.Color = Color3.new(0.917647, 0.721569, 0.572549)
o26.Position = Vector3.new(93.5134735, 53.1687965, 154.719955)
o27.Parent = o15
o27.RightLeg = o26
o27.LeftLeg = o25
o27.Torso = o22
o28.Name = "Pants"
o28.Parent = o15
o28.PantsTemplate = "http://www.roblox.com/asset/?id=117112497"
o29.Name = "LongHairHeadBand"
o29.Parent = o15
o29.AttachmentForward = Vector3.new(-0, -0.0995037183, -0.995037198)
o29.AttachmentPos = Vector3.new(0, 0.900000036, 0)
o29.AttachmentUp = Vector3.new(0, 0.995037198, -0.0995037183)
o30.Name = "Handle"
o30.Parent = o29
o30.Position = Vector3.new(104.304626, 129.866348, 167.677841)
o30.Rotation = Vector3.new(76.4199982, 53.0999985, -73.1899948)
o30.Anchored = true
o30.CanCollide = false
o30.FormFactor = Enum.FormFactor.Plate
o30.Size = Vector3.new(24.8739357, 59.6974525, 49.7478714)
o30.CFrame = CFrame.new(104.304626, 129.866348, 167.677841, 0.173647985, 0.574823141, 0.799640417, 0, 0.811976135, -0.583690643, -0.984807849, 0.101356715, 0.140997991)
o30.BottomSurface = Enum.SurfaceType.Smooth
o30.TopSurface = Enum.SurfaceType.Smooth
o30.Position = Vector3.new(104.304626, 129.866348, 167.677841)
o31.Parent = o30
o31.MeshId = "http://www.roblox.com/asset/?id=13070796"
o31.Scale = Vector3.new(24.8739319, 24.8739319, 24.8739319)
o31.TextureId = "http://www.roblox.com/asset/?id=13070807"
o31.MeshType = Enum.MeshType.FileMesh
o32.Parent = o15
o32.HeadColor = BrickColor.new("Light orange")
o32.LeftArmColor = BrickColor.new("Light orange")
o32.LeftLegColor = BrickColor.new("Light orange")
o32.RightArmColor = BrickColor.new("Light orange")
o32.RightLegColor = BrickColor.new("Light orange")
o32.TorsoColor = BrickColor.new("Light orange")
o33.Name = "Roblox 2.0 torso"
o33.Parent = o15
o33.MeshId = 27111894
o33.BodyPart = Enum.BodyPart.Torso
o34.Name = "Roblox 2.0 Right Leg"
o34.Parent = o15
o34.MeshId = 27111882
o34.BodyPart = Enum.BodyPart.RightLeg
o35.Name = "Roblox 2.0 Right Arm"
o35.Parent = o15
o35.MeshId = 27111864
o35.BodyPart = Enum.BodyPart.RightArm
o36.Name = "Roblox 2.0 Left Leg"
o36.Parent = o15
o36.MeshId = 27111857
o36.BodyPart = Enum.BodyPart.LeftLeg
o37.Name = "Roblox 2.0 Left Arm"
o37.Parent = o15
o37.MeshId = 27111419
o37.BodyPart = Enum.BodyPart.LeftArm
o38.Name = "Stripping Pole"
o38.Parent = o1
o39.Name = "Smooth Block Model"
o39.Parent = o38
o39.BrickColor = BrickColor.new("Brown")
o39.Position = Vector3.new(67.9464569, 112.392181, 179.268112)
o39.Rotation = Vector3.new(-180, 0, -180)
o39.Anchored = true
o39.FormFactor = Enum.FormFactor.Plate
o39.Size = Vector3.new(23.6154118, 160.769531, 23.6154118)
o39.CFrame = CFrame.new(67.9464569, 112.392181, 179.268112, -1, 0, 0, 0, 1, 0, 0, 0, -1)
o39.BottomSurface = Enum.SurfaceType.Smooth
o39.TopSurface = Enum.SurfaceType.Weld
o39.Color = Color3.new(0.486275, 0.360784, 0.27451)
o39.Position = Vector3.new(67.9464569, 112.392181, 179.268112)
o40.Parent = o39
o40.Scale = Vector3.new(-0.250000149, 1.04999995, 0.849999905)
o41.Name = "Smooth Block Model"
o41.Parent = o38
o41.BrickColor = BrickColor.new("Grey")
o41.Position = Vector3.new(92.377243, 19.4018555, 160.792953)
o41.Rotation = Vector3.new(0, -54, 0)
o41.Anchored = true
o41.Size = Vector3.new(20.9555607, 12.5733395, 41.9111214)
o41.CFrame = CFrame.new(92.377243, 19.4018555, 160.792953, 0.587753594, 0, -0.80904007, 0, 1.00000012, 0, 0.80904007, 0, 0.587753594)
o41.BottomSurface = Enum.SurfaceType.Smooth
o41.TopSurface = Enum.SurfaceType.Smooth
o41.Color = Color3.new(0.631373, 0.647059, 0.635294)
o41.Position = Vector3.new(92.377243, 19.4018555, 160.792953)
o42.Name = "Smooth Block Model"
o42.Parent = o38
o42.BrickColor = BrickColor.new("Grey")
o42.Position = Vector3.new(96.8410492, 19.4018555, 188.982407)
o42.Rotation = Vector3.new(-180, -72, -180)
o42.Anchored = true
o42.Size = Vector3.new(20.9555607, 12.5733395, 41.9111214)
o42.CFrame = CFrame.new(96.8410492, 19.4018555, 188.982407, -0.309044898, 0, -0.951047421, 0, 1, 0, 0.95104754, 0, -0.309044898)
o42.BottomSurface = Enum.SurfaceType.Smooth
o42.TopSurface = Enum.SurfaceType.Smooth
o42.Color = Color3.new(0.631373, 0.647059, 0.635294)
o42.Position = Vector3.new(96.8410492, 19.4018555, 188.982407)
o43.Name = "Smooth Block Model"
o43.Parent = o38
o43.BrickColor = BrickColor.new("Grey")
o43.Position = Vector3.new(92.3760223, 19.4018555, 197.744858)
o43.Rotation = Vector3.new(-180, -54, -180)
o43.Anchored = true
o43.Size = Vector3.new(20.9555607, 12.5733395, 41.9111214)
o43.CFrame = CFrame.new(92.3760223, 19.4018555, 197.744858, -0.587806344, 0, -0.809001684, 0, 1, 0, 0.809001684, 0, -0.587806344)
o43.BottomSurface = Enum.SurfaceType.Smooth
o43.TopSurface = Enum.SurfaceType.Smooth
o43.Color = Color3.new(0.631373, 0.647059, 0.635294)
o43.Position = Vector3.new(92.3760223, 19.4018555, 197.744858)
o44.Name = "Smooth Block Model"
o44.Parent = o38
o44.BrickColor = BrickColor.new("Grey")
o44.Position = Vector3.new(76.6593475, 19.4018555, 209.163177)
o44.Rotation = Vector3.new(-180, -18, -180)
o44.Anchored = true
o44.Size = Vector3.new(20.9555607, 12.5733395, 41.9111214)
o44.CFrame = CFrame.new(76.6593475, 19.4018555, 209.163177, -0.95106256, 0, -0.308998525, 0, 1.00000012, 0, 0.308998525, 0, -0.95106256)
o44.BottomSurface = Enum.SurfaceType.Smooth
o44.TopSurface = Enum.SurfaceType.Smooth
o44.Color = Color3.new(0.631373, 0.647059, 0.635294)
o44.Position = Vector3.new(76.6593475, 19.4018555, 209.163177)
o45.Name = "Smooth Block Model"
o45.Parent = o38
o45.BrickColor = BrickColor.new("Grey")
o45.Position = Vector3.new(66.9459686, 19.4018555, 210.701447)
o45.Rotation = Vector3.new(-180, 0, -180)
o45.Anchored = true
o45.Size = Vector3.new(20.9555607, 12.5733395, 41.9111214)
o45.CFrame = CFrame.new(66.9459686, 19.4018555, 210.701447, -1.00000012, 0, 1.6272068e-05, 0, 1.00000012, 0, -1.6272068e-05, 0, -1.00000012)
o45.BottomSurface = Enum.SurfaceType.Smooth
o45.TopSurface = Enum.SurfaceType.Smooth
o45.Color = Color3.new(0.631373, 0.647059, 0.635294)
o45.Position = Vector3.new(66.9459686, 19.4018555, 210.701447)
o46.Name = "Smooth Block Model"
o46.Parent = o38
o46.BrickColor = BrickColor.new("Grey")
o46.Position = Vector3.new(57.2326889, 19.4018555, 209.162872)
o46.Rotation = Vector3.new(-180, 18, -180)
o46.Anchored = true
o46.Size = Vector3.new(20.9555607, 12.5733395, 41.9111214)
o46.CFrame = CFrame.new(57.2326889, 19.4018555, 209.162872, -0.951052487, 0, 0.30902943, 0, 1, 0, -0.30902943, 0, -0.951052487)
o46.BottomSurface = Enum.SurfaceType.Smooth
o46.TopSurface = Enum.SurfaceType.Smooth
o46.Color = Color3.new(0.631373, 0.647059, 0.635294)
o46.Position = Vector3.new(57.2326889, 19.4018555, 209.162872)
o47.Name = "Smooth Block Model"
o47.Parent = o38
o47.BrickColor = BrickColor.new("Grey")
o47.Position = Vector3.new(66.9464569, 19.4018555, 179.268112)
o47.Rotation = Vector3.new(-180, -54, -180)
o47.Anchored = true
o47.Size = Vector3.new(20.9555607, 12.5733395, 41.9111214)
o47.CFrame = CFrame.new(66.9464569, 19.4018555, 179.268112, -0.587819576, 0, -0.808992088, 0, 1, 0, 0.808992088, 0, -0.587819576)
o47.BottomSurface = Enum.SurfaceType.Smooth
o47.TopSurface = Enum.SurfaceType.Smooth
o47.Color = Color3.new(0.631373, 0.647059, 0.635294)
o47.Position = Vector3.new(66.9464569, 19.4018555, 179.268112)
o48.Name = "CircleScript"
o48.Parent = o47
o48.Disabled = true
table.insert(cors,coroutine.create(function()
wait()
runDummyScript(function()
repeats = 20
radius = 3


bin = script.Parent
script.Parent=game.Workspace

model = Instance.new("Model")

m = Instance.new("Model")
m.Name = bin.Name

function fire(i,booms)

	local centerpoint = bin

	local a = i * ((3.14156 * 2) / booms) 

	local y = 0
	local x = radius * math.cos(a)
	local z = radius * math.sin(a)

	local launch = Vector3.new(x, y, z)
	local New = bin:clone()
	New.CFrame = CFrame.new(centerpoint.Position + launch, centerpoint.Position + launch * 2)

	New.Parent = m
end

for i=1,repeats do
	fire(i,repeats)
end

bin.Parent = model
m.Parent = model

model.Parent = game.Workspace

script.Parent=bin
script.Disabled = true
end,o48)
end))
o49.Name = "Smooth Block Model"
o49.Parent = o38
o49.BrickColor = BrickColor.new("Grey")
o49.Position = Vector3.new(96.8416595, 19.4018555, 169.55571)
o49.Rotation = Vector3.new(0, -72, 0)
o49.Anchored = true
o49.Size = Vector3.new(20.9555607, 12.5733395, 41.9111214)
o49.CFrame = CFrame.new(96.8416595, 19.4018555, 169.55571, 0.308982939, 0, -0.951067626, 0, 1.00000012, 0, 0.951067626, 0, 0.308982939)
o49.BottomSurface = Enum.SurfaceType.Smooth
o49.TopSurface = Enum.SurfaceType.Smooth
o49.Color = Color3.new(0.631373, 0.647059, 0.635294)
o49.Position = Vector3.new(96.8416595, 19.4018555, 169.55571)
o50.Name = "Smooth Block Model"
o50.Parent = o38
o50.BrickColor = BrickColor.new("Grey")
o50.Position = Vector3.new(85.4218597, 19.4018555, 204.698639)
o50.Rotation = Vector3.new(-180, -36, -180)
o50.Anchored = true
o50.Size = Vector3.new(20.9555607, 12.5733395, 41.9111214)
o50.CFrame = CFrame.new(85.4218597, 19.4018555, 204.698639, -0.809030414, 0, -0.587766826, 0, 1, 0, 0.587766826, 0, -0.809030414)
o50.BottomSurface = Enum.SurfaceType.Smooth
o50.TopSurface = Enum.SurfaceType.Smooth
o50.Color = Color3.new(0.631373, 0.647059, 0.635294)
o50.Position = Vector3.new(85.4218597, 19.4018555, 204.698639)
o51.Name = "Smooth Block Model"
o51.Parent = o38
o51.BrickColor = BrickColor.new("Grey")
o51.Position = Vector3.new(48.4701385, 19.4018555, 204.69809)
o51.Rotation = Vector3.new(-180, 36, -180)
o51.Anchored = true
o51.Size = Vector3.new(20.9555607, 12.5733395, 41.9111214)
o51.CFrame = CFrame.new(48.4701385, 19.4018555, 204.69809, -0.809011281, 0, 0.587793171, 0, 1, 0, -0.587793171, 0, -0.809011281)
o51.BottomSurface = Enum.SurfaceType.Smooth
o51.TopSurface = Enum.SurfaceType.Smooth
o51.Color = Color3.new(0.631373, 0.647059, 0.635294)
o51.Position = Vector3.new(48.4701385, 19.4018555, 204.69809)
o52.Name = "Smooth Block Model"
o52.Parent = o38
o52.BrickColor = BrickColor.new("Grey")
o52.Position = Vector3.new(98.3797455, 19.4018555, 179.26915)
o52.Rotation = Vector3.new(0, -90, 0)
o52.Anchored = true
o52.Size = Vector3.new(20.9555607, 12.5733395, 41.9111214)
o52.CFrame = CFrame.new(98.3797455, 19.4018555, 179.26915, -3.2544136e-05, 0, -1, 0, 1, 0, 1, 0, -3.2544136e-05)
o52.BottomSurface = Enum.SurfaceType.Smooth
o52.TopSurface = Enum.SurfaceType.Smooth
o52.Color = Color3.new(0.631373, 0.647059, 0.635294)
o52.Position = Vector3.new(98.3797455, 19.4018555, 179.26915)
o53.Name = "Smooth Block Model"
o53.Parent = o38
o53.BrickColor = BrickColor.new("Grey")
o53.Position = Vector3.new(37.0516205, 19.4018555, 188.981552)
o53.Rotation = Vector3.new(-180, 72, -180)
o53.Anchored = true
o53.Size = Vector3.new(20.9555607, 12.5733395, 41.9111214)
o53.CFrame = CFrame.new(37.0516205, 19.4018555, 188.981552, -0.309013963, 0, 0.951057553, 0, 1.00000012, 0, -0.951057553, 0, -0.309013963)
o53.BottomSurface = Enum.SurfaceType.Smooth
o53.TopSurface = Enum.SurfaceType.Smooth
o53.Color = Color3.new(0.631373, 0.647059, 0.635294)
o53.Position = Vector3.new(37.0516205, 19.4018555, 188.981552)
o54.Name = "Smooth Block Model"
o54.Parent = o38
o54.BrickColor = BrickColor.new("Grey")
o54.Position = Vector3.new(27.086647, 6.82857323, 192.219284)
o54.Rotation = Vector3.new(-180, 72, -180)
o54.Anchored = true
o54.Size = Vector3.new(20.9555607, 12.5733395, 41.9111214)
o54.CFrame = CFrame.new(27.086647, 6.82857323, 192.219284, -0.309013993, 0, 0.951057673, 0, 1.00000012, 0, -0.951057553, 0, -0.309014052)
o54.BottomSurface = Enum.SurfaceType.Smooth
o54.TopSurface = Enum.SurfaceType.Smooth
o54.Color = Color3.new(0.631373, 0.647059, 0.635294)
o54.Position = Vector3.new(27.086647, 6.82857323, 192.219284)
o55.Name = "Smooth Block Model"
o55.Parent = o38
o55.BrickColor = BrickColor.new("Grey")
o55.Position = Vector3.new(57.2326279, 19.4018555, 149.373322)
o55.Rotation = Vector3.new(0, 18, 0)
o55.Anchored = true
o55.Size = Vector3.new(20.9555607, 12.5733395, 41.9111214)
o55.CFrame = CFrame.new(57.2326279, 19.4018555, 149.373322, 0.951052427, 0, 0.30902946, 0, 1, 0, -0.30902946, 0, 0.951052427)
o55.BottomSurface = Enum.SurfaceType.Smooth
o55.TopSurface = Enum.SurfaceType.Smooth
o55.Color = Color3.new(0.631373, 0.647059, 0.635294)
o55.Position = Vector3.new(57.2326279, 19.4018555, 149.373322)
o56.Name = "Smooth Block Model"
o56.Parent = o38
o56.BrickColor = BrickColor.new("Grey")
o56.Position = Vector3.new(27.086586, 6.82857323, 166.31694)
o56.Rotation = Vector3.new(0, 72, 0)
o56.Anchored = true
o56.Size = Vector3.new(20.9555607, 12.5733395, 41.9111214)
o56.CFrame = CFrame.new(27.086586, 6.82857323, 166.31694, 0.309013844, 0, 0.951057553, 0, 1, 0, -0.951057553, 0, 0.309013844)
o56.BottomSurface = Enum.SurfaceType.Smooth
o56.TopSurface = Enum.SurfaceType.Smooth
o56.Color = Color3.new(0.631373, 0.647059, 0.635294)
o56.Position = Vector3.new(27.086586, 6.82857323, 166.31694)
o57.Name = "Smooth Block Model"
o57.Parent = o38
o57.BrickColor = BrickColor.new("Grey")
o57.Position = Vector3.new(66.9457855, 6.82857323, 137.356979)
o57.Anchored = true
o57.Size = Vector3.new(20.9555607, 12.5733395, 41.9111214)
o57.CFrame = CFrame.new(66.9457855, 6.82857323, 137.356979, 1, 0, 1.64210796e-05, 0, 1, 0, -1.64210796e-05, 0, 1)
o57.BottomSurface = Enum.SurfaceType.Smooth
o57.TopSurface = Enum.SurfaceType.Smooth
o57.Color = Color3.new(0.631373, 0.647059, 0.635294)
o57.Position = Vector3.new(66.9457855, 6.82857323, 137.356979)
o58.Name = "Smooth Block Model"
o58.Parent = o38
o58.BrickColor = BrickColor.new("Grey")
o58.Position = Vector3.new(76.6593475, 19.4018555, 149.373077)
o58.Rotation = Vector3.new(0, -18, 0)
o58.Anchored = true
o58.Size = Vector3.new(20.9555607, 12.5733395, 41.9111214)
o58.CFrame = CFrame.new(76.6593475, 19.4018555, 149.373077, 0.951062679, 0, -0.308998287, 0, 1, 0, 0.308998287, 0, 0.951062679)
o58.BottomSurface = Enum.SurfaceType.Smooth
o58.TopSurface = Enum.SurfaceType.Smooth
o58.Color = Color3.new(0.631373, 0.647059, 0.635294)
o58.Position = Vector3.new(76.6593475, 19.4018555, 149.373077)
o59.Name = "Smooth Block Model"
o59.Parent = o38
o59.BrickColor = BrickColor.new("Grey")
o59.Position = Vector3.new(41.5162811, 19.4018555, 160.79216)
o59.Rotation = Vector3.new(0, 54, 0)
o59.Anchored = true
o59.Size = Vector3.new(20.9555607, 12.5733395, 41.9111214)
o59.CFrame = CFrame.new(41.5162811, 19.4018555, 160.79216, 0.587779939, 0, 0.809020877, 0, 1, 0, -0.809020877, 0, 0.587779939)
o59.BottomSurface = Enum.SurfaceType.Smooth
o59.TopSurface = Enum.SurfaceType.Smooth
o59.Color = Color3.new(0.631373, 0.647059, 0.635294)
o59.Position = Vector3.new(41.5162811, 19.4018555, 160.79216)
o60.Name = "Smooth Block Model"
o60.Parent = o38
o60.BrickColor = BrickColor.new("Grey")
o60.Position = Vector3.new(106.806641, 6.82857323, 166.318222)
o60.Rotation = Vector3.new(0, -72, 0)
o60.Anchored = true
o60.Size = Vector3.new(20.9555607, 12.5733395, 41.9111214)
o60.CFrame = CFrame.new(106.806641, 6.82857323, 166.318222, 0.308982909, 0, -0.951067686, 0, 1.00000012, 0, 0.951067567, 0, 0.308982968)
o60.BottomSurface = Enum.SurfaceType.Smooth
o60.TopSurface = Enum.SurfaceType.Smooth
o60.Color = Color3.new(0.631373, 0.647059, 0.635294)
o60.Position = Vector3.new(106.806641, 6.82857323, 166.318222)
o61.Name = "Smooth Block Model"
o61.Parent = o38
o61.BrickColor = BrickColor.new("Grey")
o61.Position = Vector3.new(79.8969574, 6.82857323, 139.408005)
o61.Rotation = Vector3.new(0, -18, 0)
o61.Anchored = true
o61.Size = Vector3.new(20.9555607, 12.5733395, 41.9111214)
o61.CFrame = CFrame.new(79.8969574, 6.82857323, 139.408005, 0.951062679, 0, -0.308998287, 0, 1, 0, 0.308998287, 0, 0.951062679)
o61.BottomSurface = Enum.SurfaceType.Smooth
o61.TopSurface = Enum.SurfaceType.Smooth
o61.Color = Color3.new(0.631373, 0.647059, 0.635294)
o61.Position = Vector3.new(79.8969574, 6.82857323, 139.408005)
o62.Name = "Smooth Block Model"
o62.Parent = o38
o62.BrickColor = BrickColor.new("Grey")
o62.Position = Vector3.new(100.852646, 6.82857323, 203.903778)
o62.Rotation = Vector3.new(-180, -54, -180)
o62.Anchored = true
o62.Size = Vector3.new(20.9555607, 12.5733395, 41.9111214)
o62.CFrame = CFrame.new(100.852646, 6.82857323, 203.903778, -0.587806344, 0, -0.809001684, 0, 1, 0, 0.809001684, 0, -0.587806344)
o62.BottomSurface = Enum.SurfaceType.Smooth
o62.TopSurface = Enum.SurfaceType.Smooth
o62.Color = Color3.new(0.631373, 0.647059, 0.635294)
o62.Position = Vector3.new(100.852646, 6.82857323, 203.903778)
o63.Name = "Smooth Block Model"
o63.Parent = o38
o63.BrickColor = BrickColor.new("Grey")
o63.Position = Vector3.new(41.5162811, 19.4018555, 197.744003)
o63.Rotation = Vector3.new(-180, 54, -180)
o63.Anchored = true
o63.Size = Vector3.new(20.9555607, 12.5733395, 41.9111214)
o63.CFrame = CFrame.new(41.5162811, 19.4018555, 197.744003, -0.587779999, 0, 0.809020758, 0, 1, 0, -0.809020758, 0, -0.587779999)
o63.BottomSurface = Enum.SurfaceType.Smooth
o63.TopSurface = Enum.SurfaceType.Smooth
o63.Color = Color3.new(0.631373, 0.647059, 0.635294)
o63.Position = Vector3.new(41.5162811, 19.4018555, 197.744003)
o64.Name = "Smooth Block Model"
o64.Parent = o38
o64.BrickColor = BrickColor.new("Grey")
o64.Position = Vector3.new(66.9459076, 19.4018555, 147.834686)
o64.Anchored = true
o64.Size = Vector3.new(20.9555607, 12.5733395, 41.9111214)
o64.CFrame = CFrame.new(66.9459076, 19.4018555, 147.834686, 1, 0, 1.63316727e-05, 0, 1.00000012, 0, -1.63316727e-05, 0, 1)
o64.BottomSurface = Enum.SurfaceType.Smooth
o64.TopSurface = Enum.SurfaceType.Smooth
o64.Color = Color3.new(0.631373, 0.647059, 0.635294)
o64.Position = Vector3.new(66.9459076, 19.4018555, 147.834686)
o65.Name = "Smooth Block Model"
o65.Parent = o38
o65.BrickColor = BrickColor.new("Grey")
o65.Position = Vector3.new(79.8969574, 6.82857323, 219.128189)
o65.Rotation = Vector3.new(-180, -18, -180)
o65.Anchored = true
o65.Size = Vector3.new(20.9555607, 12.5733395, 41.9111214)
o65.CFrame = CFrame.new(79.8969574, 6.82857323, 219.128189, -0.95106256, 0, -0.308998466, 0, 1, 0, 0.308998466, 0, -0.95106256)
o65.BottomSurface = Enum.SurfaceType.Smooth
o65.TopSurface = Enum.SurfaceType.Smooth
o65.Color = Color3.new(0.631373, 0.647059, 0.635294)
o65.Position = Vector3.new(79.8969574, 6.82857323, 219.128189)
o66.Name = "Smooth Block Model"
o66.Parent = o38
o66.BrickColor = BrickColor.new("Grey")
o66.Position = Vector3.new(37.0516205, 19.4018555, 169.554733)
o66.Rotation = Vector3.new(0, 72, 0)
o66.Anchored = true
o66.Size = Vector3.new(20.9555607, 12.5733395, 41.9111214)
o66.CFrame = CFrame.new(37.0516205, 19.4018555, 169.554733, 0.309013844, 0, 0.951057553, 0, 1, 0, -0.951057553, 0, 0.309013844)
o66.BottomSurface = Enum.SurfaceType.Smooth
o66.TopSurface = Enum.SurfaceType.Smooth
o66.Color = Color3.new(0.631373, 0.647059, 0.635294)
o66.Position = Vector3.new(37.0516205, 19.4018555, 169.554733)
o67.Name = "Smooth Block Model"
o67.Parent = o38
o67.BrickColor = BrickColor.new("Grey")
o67.Position = Vector3.new(66.9457855, 6.82857323, 221.179276)
o67.Rotation = Vector3.new(-180, 0, -180)
o67.Anchored = true
o67.Size = Vector3.new(20.9555607, 12.5733395, 41.9111214)
o67.CFrame = CFrame.new(66.9457855, 6.82857323, 221.179276, -1, 0, 1.6272068e-05, 0, 1, 0, -1.6272068e-05, 0, -1)
o67.BottomSurface = Enum.SurfaceType.Smooth
o67.TopSurface = Enum.SurfaceType.Smooth
o67.Color = Color3.new(0.631373, 0.647059, 0.635294)
o67.Position = Vector3.new(66.9457855, 6.82857323, 221.179276)
o68.Name = "Smooth Block Model"
o68.Parent = o38
o68.BrickColor = BrickColor.new("Grey")
o68.Position = Vector3.new(53.9947968, 6.82857323, 219.127762)
o68.Rotation = Vector3.new(-180, 18, -180)
o68.Anchored = true
o68.Size = Vector3.new(20.9555607, 12.5733395, 41.9111214)
o68.CFrame = CFrame.new(53.9947968, 6.82857323, 219.127762, -0.951052487, 0, 0.30902943, 0, 1, 0, -0.30902943, 0, -0.951052487)
o68.BottomSurface = Enum.SurfaceType.Smooth
o68.TopSurface = Enum.SurfaceType.Smooth
o68.Color = Color3.new(0.631373, 0.647059, 0.635294)
o68.Position = Vector3.new(53.9947968, 6.82857323, 219.127762)
o69.Name = "Smooth Block Model"
o69.Parent = o38
o69.BrickColor = BrickColor.new("Grey")
o69.Position = Vector3.new(33.0395889, 6.82857323, 203.902618)
o69.Rotation = Vector3.new(-180, 54, -180)
o69.Anchored = true
o69.Size = Vector3.new(20.9555607, 12.5733395, 41.9111214)
o69.CFrame = CFrame.new(33.0395889, 6.82857323, 203.902618, -0.587780118, 0, 0.809020817, 0, 1, 0, -0.809020817, 0, -0.587780118)
o69.BottomSurface = Enum.SurfaceType.Smooth
o69.TopSurface = Enum.SurfaceType.Smooth
o69.Color = Color3.new(0.631373, 0.647059, 0.635294)
o69.Position = Vector3.new(33.0395889, 6.82857323, 203.902618)
o70.Name = "Smooth Block Model"
o70.Parent = o38
o70.BrickColor = BrickColor.new("Grey")
o70.Position = Vector3.new(33.0395889, 6.82857323, 154.63353)
o70.Rotation = Vector3.new(0, 54, 0)
o70.Anchored = true
o70.Size = Vector3.new(20.9555607, 12.5733395, 41.9111214)
o70.CFrame = CFrame.new(33.0395889, 6.82857323, 154.63353, 0.587779939, 0, 0.809020877, 0, 1, 0, -0.809020877, 0, 0.587779939)
o70.BottomSurface = Enum.SurfaceType.Smooth
o70.TopSurface = Enum.SurfaceType.Smooth
o70.Color = Color3.new(0.631373, 0.647059, 0.635294)
o70.Position = Vector3.new(33.0395889, 6.82857323, 154.63353)
o71.Name = "Smooth Block Model"
o71.Parent = o38
o71.BrickColor = BrickColor.new("Grey")
o71.Position = Vector3.new(42.3114471, 6.82857323, 145.361481)
o71.Rotation = Vector3.new(0, 36, 0)
o71.Anchored = true
o71.Size = Vector3.new(20.9555607, 12.5733395, 41.9111214)
o71.CFrame = CFrame.new(42.3114471, 6.82857323, 145.361481, 0.809011161, 0, 0.58779335, 0, 1.00000012, 0, -0.587793231, 0, 0.8090114)
o71.BottomSurface = Enum.SurfaceType.Smooth
o71.TopSurface = Enum.SurfaceType.Smooth
o71.Color = Color3.new(0.631373, 0.647059, 0.635294)
o71.Position = Vector3.new(42.3114471, 6.82857323, 145.361481)
o72.Name = "Smooth Block Model"
o72.Parent = o38
o72.BrickColor = BrickColor.new("Grey")
o72.Position = Vector3.new(25.0353794, 6.82872581, 179.268112)
o72.Rotation = Vector3.new(0, 90, 0)
o72.Anchored = true
o72.Size = Vector3.new(20.9555607, 12.5733395, 41.9111214)
o72.CFrame = CFrame.new(25.0353794, 6.82872581, 179.268112, 0, 0, 1, 0, 1, -0, -1, 0, 0)
o72.BottomSurface = Enum.SurfaceType.Smooth
o72.TopSurface = Enum.SurfaceType.Smooth
o72.Color = Color3.new(0.631373, 0.647059, 0.635294)
o72.Position = Vector3.new(25.0353794, 6.82872581, 179.268112)
o73.Name = "Smooth Block Model"
o73.Parent = o38
o73.BrickColor = BrickColor.new("Grey")
o73.Position = Vector3.new(42.3114471, 6.82857323, 213.174652)
o73.Rotation = Vector3.new(-180, 36, -180)
o73.Anchored = true
o73.Size = Vector3.new(20.9555607, 12.5733395, 41.9111214)
o73.CFrame = CFrame.new(42.3114471, 6.82857323, 213.174652, -0.809011281, 0, 0.587793171, 0, 1, 0, -0.587793171, 0, -0.809011281)
o73.BottomSurface = Enum.SurfaceType.Smooth
o73.TopSurface = Enum.SurfaceType.Smooth
o73.Color = Color3.new(0.631373, 0.647059, 0.635294)
o73.Position = Vector3.new(42.3114471, 6.82857323, 213.174652)
o74.Name = "Smooth Block Model"
o74.Parent = o38
o74.BrickColor = BrickColor.new("Grey")
o74.Position = Vector3.new(108.857605, 6.82857323, 179.269455)
o74.Rotation = Vector3.new(0, -90, 0)
o74.Anchored = true
o74.Size = Vector3.new(20.9555607, 12.5733395, 41.9111214)
o74.CFrame = CFrame.new(108.857605, 6.82857323, 179.269455, -3.2544136e-05, 0, -1.00000012, 0, 1.00000012, 0, 1, 0, -3.26633453e-05)
o74.BottomSurface = Enum.SurfaceType.Smooth
o74.TopSurface = Enum.SurfaceType.Smooth
o74.Color = Color3.new(0.631373, 0.647059, 0.635294)
o74.Position = Vector3.new(108.857605, 6.82857323, 179.269455)
o75.Name = "Smooth Block Model"
o75.Parent = o38
o75.BrickColor = BrickColor.new("Grey")
o75.Position = Vector3.new(91.5804291, 6.82857323, 145.360748)
o75.Rotation = Vector3.new(0, -36, 0)
o75.Anchored = true
o75.Size = Vector3.new(20.9555607, 12.5733395, 41.9111214)
o75.CFrame = CFrame.new(91.5804291, 6.82857323, 145.360748, 0.809030473, 0, -0.587766707, 0, 1, 0, 0.587766707, 0, 0.809030473)
o75.BottomSurface = Enum.SurfaceType.Smooth
o75.TopSurface = Enum.SurfaceType.Smooth
o75.Color = Color3.new(0.631373, 0.647059, 0.635294)
o75.Position = Vector3.new(91.5804291, 6.82857323, 145.360748)
o76.Name = "Smooth Block Model"
o76.Parent = o38
o76.BrickColor = BrickColor.new("Grey")
o76.Position = Vector3.new(91.5804291, 6.82857323, 213.175507)
o76.Rotation = Vector3.new(-180, -36, -180)
o76.Anchored = true
o76.Size = Vector3.new(20.9555607, 12.5733395, 41.9111214)
o76.CFrame = CFrame.new(91.5804291, 6.82857323, 213.175507, -0.809030414, 0, -0.587766826, 0, 1, 0, 0.587766826, 0, -0.809030414)
o76.BottomSurface = Enum.SurfaceType.Smooth
o76.TopSurface = Enum.SurfaceType.Smooth
o76.Color = Color3.new(0.631373, 0.647059, 0.635294)
o76.Position = Vector3.new(91.5804291, 6.82857323, 213.175507)
o77.Name = "Smooth Block Model"
o77.Parent = o38
o77.BrickColor = BrickColor.new("Grey")
